67.21538544
38.74773788
31.15610504
27.31267929
21.09986305
15.24514389
11.92373657
10.56609440
9.89343929
9.08392143
7.96031761
7.37637043
7.11961889
6.69050264
6.45285749
5.87849522
4.84958220
4.60663748
4.29980230
4.51516438
4.66285896
4.44817209
4.57987547
4.39263296
4.13031101
3.80894399
3.70552754
3.31800556
3.20542026
3.23926640
3.10678411
3.27571630
3.11671805
3.25321364
3.31670237
3.13431931
3.09813714
2.99319243
3.00842476
2.78721356
2.81596875
2.87580752
2.99421406
2.95485950
2.84463143
2.71626091
2.80167198
2.84409237
2.78805232
2.67291236
2.63782191
2.70501757
2.63871455
2.68722868
2.62793851
2.53577209
2.71060562
2.72720480
2.51955533
2.66826272
2.55540752
2.64563799
2.47165036
2.48390555
2.57800603
2.58098602
2.49574089
2.47610521
2.44302487
2.41119599
2.44825029
2.50922298
2.43683386
2.34330106
2.29675913
2.42497134
2.43610930
2.34405327
2.31631994
2.30747294
2.32234979
2.32810235
2.37555170
2.26629567
2.29975510
2.30792308
2.28881812
2.27440786
2.21191645
2.18731236
2.22055840
2.14383173
2.31784344
2.21346521
2.24204516
2.25780392
2.13209033
2.25932717
2.12924719
2.16031766
2.02665758
2.19955277
2.13725901
2.07700706
2.16979456
2.17815638
2.14871430
2.14051342
2.17771554
1.97545600
2.07042480
2.14213657
2.08873177
2.04289412
2.08269238
2.04864097
2.00780916
2.12090898
2.03117919
2.01660657
2.00051951
1.97781563
2.03779054
2.01559019
1.92079699
2.01271057
1.96535337
2.05290198
2.10799003
2.05362368
1.96516120
1.84754324
2.00003099
2.01878619
1.91124296
1.97609115
1.96902585
1.94263661
1.93202066
1.98571634
1.91025853
1.90619183
1.83715773
1.95244420
1.86024666
1.73229289
1.88533878
1.81725299
1.86686826
1.84168911
1.83947253
1.79871893
1.84353256
1.82542944
1.80614543
1.79634500
1.76282978
1.84103036
1.87184346
1.79479194
1.78749442
1.81499505
1.79502058
1.83179557
1.70153368
1.71855164
1.78741074
1.74265862
1.77509141
1.81068468
1.67958534
1.72765040
1.66831303
1.67792749
1.70904636
1.78290141
1.66601634
1.74597180
1.76202512
1.76443005
1.70338237
1.74412107
1.63713408
1.74730754
1.61382496
1.66274023
1.60778046
1.75492024
1.61370623
1.63365495
1.57837451
1.65563393
1.60289240
1.60798717
1.55859351
1.62880445
1.61914039
1.55386615
1.59346342
1.58370280
1.55621183
1.59514582
1.54267454
1.54026306
1.52372193
1.65001869
1.43610609
1.58188391
1.58213925
1.49857521
1.48103082
1.53782928
1.40702915
1.50141835
1.49697590
1.51988041
1.42134655
1.50755489
1.41531670
1.51395190
1.50458670
1.41716313
1.51473379
1.59241283
1.46624112
1.44512260
1.45372069
1.40538287
1.48462939
1.45411789
1.39256859
1.48294806
1.39028752
1.41326129
1.38310993
1.40668607
1.35654581
1.33866405
1.40725017
1.40844810
1.39391661
1.41555178
1.35810483
1.37535143
1.35357964
1.34335184
1.41047883
1.37907207
1.36681700
1.36784768
1.40761888
1.34382701
1.30582535
1.40486968
1.37756658
1.32765579
1.34159911
1.32829654
1.32284546
1.33318269
1.29301929
1.31775057
1.32529926
1.31545341
1.28370357
1.33371198
1.34228182
1.25644147
1.29203904
1.27087629
1.28072369
1.27498055
1.31059718
1.27366245
1.26257730
1.31136894
1.24347281
1.26185787
1.24363470
1.25105679
1.23293817
1.32658863
1.24601173
1.29816234
1.19728935
1.27219296
1.26069081
1.18589306
1.16713119
1.28919268
1.20091248
1.21241701
1.23827875
1.19324756
1.20364392
1.23117507
1.18906140
1.18914580
1.18733561
1.16141868
1.15646374
1.19480062
1.14976394
1.17030120
1.24117970
1.15305281
1.12380934
1.13109660
1.17112684
1.13126564
1.14645529
1.15490746
1.18012369
1.11580658
1.11874819
1.15297186
1.14739597
1.09387803
1.13365853
1.13911140
1.15016842
1.09918737
1.15058613
1.11347389
1.09509969
1.11811972
1.14759231
1.08088732
1.02801096
1.08346033
1.09076238
1.05310440
1.08959866
1.03470588
1.05196786
1.01469827
1.05868590
1.06013250
1.00096214
1.03953457
1.04744709
0.99518871
0.99053019
1.03032982
0.99637604
1.08802748
1.00723660
1.02007377
1.03769803
1.01981223
1.04147530
1.02346933
1.00237763
0.97148722
0.91845900
0.98404568
0.99000180
0.93427849
0.98090851
0.97435671
0.92438281
0.99939156
0.96217692
0.93692166
0.96282411
0.93442041
0.91713881
0.93104672
0.98927844
0.88915020
0.90265864
0.93134546
0.92174357
0.92463821
0.94078678
0.94265890
0.87937438
0.90195918
0.91976786
0.90708512
0.85715377
0.92510039
0.90163666
0.88699323
0.87409210
0.89292717
0.87006181
0.87158954
0.84833544
0.89643198
0.87292886
0.86639243
0.88331145
0.85330558
0.85216063
0.87962359
0.86099911
0.84485739
0.85932809
0.85225201
0.86663997
0.83227122
0.86315918
0.85399723
0.82397908
0.80381113
0.82875586
0.84643322
0.84805870
0.78214568
0.77445030
0.81406271
0.81967795
0.81477821
0.79855722
0.79908609
0.79239225
0.80209821
0.82062697
0.76555479
0.80844796
0.83069539
0.78566617
0.76920247
0.82012749
0.77174127
0.80361688
0.73296320
0.78458869
0.73512501
0.77072650
0.75282943
0.77159101
0.78002697
0.72173494
0.74486637
0.77587271
0.73695904
0.75497299
0.74714422
0.74546808
0.75600785
0.75684822
0.74064481
0.68963212
0.71601266
0.76829576
0.75200069
0.74826771
0.75073397
0.74208498
0.69876426
0.73444235
0.69540769
0.73847473
0.71078098
0.71456879
0.72396052
0.70784527
0.71768230
0.71086282
0.70369619
0.69946194
0.69839638
0.71474946
0.67440683
0.69825894
0.68377602
0.72328603
0.70635474
0.64664954
0.67908061
0.65688407
0.68132848
0.69533694
0.63667160
0.66003585
0.64855993
0.63622481
0.63136661
0.67611384
0.66949397
0.64070201
0.67704540
0.64232868
0.66084254
0.64304250
0.64094919
0.64806378
0.59646034
0.64070171
0.64527225
0.62308401
0.63597649
0.61557335
0.63084412
0.59257960
0.60369414
0.59137470
0.60734183
0.61358523
0.62363738
0.61650765
0.60892129
0.61175239
0.60980928
0.60976923
0.61176318
0.59994602
0.59332836
0.58597654
0.60414815
0.59841001
0.60791469
0.60541266
0.59437442
0.60098976
0.58767474
0.56878841
0.57544553
0.56708229
0.57658815
0.56082731
0.58525288
0.56737214
0.58028281
0.57748491
0.58802688
0.59170312
0.56300247
0.59952885
0.53886241
0.54269618
0.58431613
0.54944277
0.52714473
0.57219243
0.53437853
0.54585379
0.56471926
0.54342175
0.54264683
0.53564733
0.54065710
0.52626073
0.54610598
0.56971550
0.52593118
0.54893196
0.53888816
0.52688348
0.53099102
0.52775621
0.54135054
0.52647495
0.51834035
0.52000260
0.53825653
0.49847472
0.52171546
0.52641153
0.50292367
0.51941371
0.51544064
0.50575578
0.50824821
0.50837851
0.54054493
0.52143425
0.50335765
0.50145727
0.50923371
0.49958926
0.50401139
0.51033014
0.52087116
0.51848513
0.49593738
0.51018846
0.47761065
0.50186443
0.50433099
0.48039144
0.46432376
0.48796433
0.46755993
0.50250500
0.49705651
0.47727540
0.48129782
0.46720898
0.45181751
0.50088948
0.46417835
0.48498204
0.47694427
0.47622383
0.45447332
0.47392017
0.46752638
0.46672198
0.44244850
0.51532698
0.47128564
0.46701723
0.46928108
0.47580904
0.45570895
0.47243810
0.46791792
0.45341259
0.44526476
0.46861804
0.44396627
0.45584372
0.43225420
0.43644959
0.43800533
0.43555990
0.42795834
0.47259790
0.44463313
0.47191074
0.43833029
0.43395427
0.43262577
0.44487846
0.42373955
0.44069868
0.42801869
0.42513728
0.43591654
0.42881891
0.45978418
0.41729546
0.41395134
0.43312383
0.42116797
0.44231033
0.40181318
0.41523442
0.42195505
0.43006873
0.44087756
0.41014704
0.42594615
0.41837707
0.41219372
0.42361689
0.41875964
0.40672511
0.42766160
0.41171563
0.40573525
0.40443948
0.40751696
0.40318295
0.40275079
0.42216927
0.40448597
0.38379389
0.41043934
0.39600247
0.38134024
0.41057354
0.38989303
0.38705254
0.40308791
0.40346187
0.39632902
0.40049848
0.37249100
0.38529468
0.37723005
0.37106985
0.40202928
0.36922333
0.38937959
0.37192678
0.37149137
0.38623151
0.38817501
0.37365475
0.38231683
0.37481928
0.38511980
0.39480156
0.36914557
0.38817334
0.35282657
0.37250343
0.36827013
0.37297159
0.35612854
0.37728298
0.37026829
0.37697461
0.36073095
0.36427084
0.37928271
0.37099525
0.37144670
0.37028170
0.36560482
0.36361396
0.38222900
0.37322852
0.37292874
0.37180582
0.36859861
0.35160577
0.35291231
0.37240696
0.35294190
0.37131655
0.33218360
0.35733390
0.36579639
0.34856328
0.35017750
0.34567824
0.34193483
0.35449108
0.35694975
0.34597597
0.34921566
0.34174085
0.33140033
0.34494665
0.33867249
0.34890708
0.35581574
0.35486332
0.34403411
0.36531842
0.35026211
0.33988708
0.33691382
0.33759785
0.34516075
0.33844224
0.32227254
0.32380027
0.32955036
0.34534156
0.34927094
0.33709347
0.33112001
0.32148242
0.34005868
0.31211883
0.33641529
0.34235495
0.31041151
0.33176625
0.33430588
0.30666590
0.34477031
0.35113719
0.34899911
0.32213420
0.32177359
0.31902480
0.32704815
0.33951610
0.32044864
0.32471713
0.31165713
0.32618296
0.31970137
0.31272575
0.31029332
0.32136250
0.32512212
0.32144821
0.32942885
0.30187261
0.31218368
0.29841787
0.32890424
0.31421492
0.34078121
0.33139336
0.30822590
0.32707030
0.31267905
0.31029746
0.32017434
0.31425807
0.31402978
0.31698477
0.31635576
0.32166681
0.31936991
0.33376658
0.29862028
0.34202030
0.28959095
0.31294772
0.30928490
0.30101857
0.30011395
0.30788353
0.30571780
0.31624776
0.28461149
0.30920920
0.30247778
0.32132182
0.30371857
0.31095421
0.30531317
0.31025469
0.30045170
0.29768044
0.30171245
0.31280237
0.30661637
0.32497051
0.30546048
0.28874773
0.30027148
0.30101323
0.28681892
0.29812360
0.30774710
0.28863904
0.29184809
0.30400270
0.28414923
0.29052144
0.29361010
0.27989784
0.30297464
0.28070584
0.28655654
0.28254902
0.29127681
0.27908149
0.28423750
0.28590930
0.27752116
0.29509866
0.28875306
0.29218251
0.27745196
0.28324705
0.28736213
0.28369012
0.29724911
0.28498271
0.27866280
0.28217408
0.28777143
0.29627457
0.28305465
0.28233188
0.29096919
0.28031188
0.28804898
0.31154859
0.26412171
0.28885674
0.29326850
0.26682043
0.29211134
0.29160738
0.28421134
0.27479178
0.27310991
0.27194300
0.26930404
0.26312077
0.27632838
0.28333324
0.27647206
0.27151507
0.26463521
0.28072429
0.27559042
0.26540032
0.27105436
0.26854882
0.26689586
0.27798635
0.26420939
0.25602198
0.26335922
0.25179791
0.27162713
0.27651957
0.26099738
0.27076018
0.26308826
0.24997172
0.26961708
0.26069945
0.26680040
0.26154244
0.25717950
0.25180838
0.26650617
0.27179459
0.25304499
0.26836580
0.26575524
0.29077584
0.25919604
0.23865610
0.25422332
0.24868765
0.26385584
0.25073183
0.25193501
0.24700020
0.26159745
0.24220048
0.26545185
0.25515965
0.24836710
0.26775053
0.23822668
0.25593251
0.24431303
0.24993832
0.25026947
0.24304460
0.24284953
0.24455065
0.25552011
0.24569397
0.25053573
0.25522351
0.24882369
0.24076265
0.25748208
0.24778369
0.25081214
0.26126978
0.24694961
0.24889749
0.23126501
0.26151845
0.25010294
0.24740893
0.24378344
0.24271181
0.23884724
0.25343338
0.24457127
0.23782589
0.23338446
0.23904313
0.24193136
0.25693750
0.24627841
0.23690698
0.23166302
0.22614230
0.24044570
0.23583239
0.23604506
0.23764038
0.23320062
0.22450998
0.24045813
0.22800568
0.24683075
0.24699277
0.23944850
0.24968402
0.24287543
0.24312505
0.23446536
0.24070615
0.24170858
0.23171473
0.23322400
0.24984580
0.24494720
0.24255504
0.23187761
0.25883976
0.23760718
0.24011157
0.24168032
0.23931795
0.24124974
0.23223382
0.23722455
0.24042177
0.22840348
0.23275001
0.23167607
0.24503238
0.22434093
0.22473545
0.24754399
0.21850982
0.22912861
0.23137066
0.22891067
0.21758708
0.22959663
0.22833458
0.23667735
0.23343500
0.23154166
0.22544780
0.21249673
0.22057189
0.22126383
0.22514363
0.22608255
0.24053308
0.21971443
0.21093838
0.22621575
0.21321362
0.22368458
0.24298972
0.21288717
0.21835749
0.22009066
0.21238320
0.22846878
0.22518089
0.22279979
0.20750988
0.21028309
0.21415684
0.21469536
0.22074987
0.21841568
0.21983629
0.21865967
0.21896896
0.23284557
0.22721174
0.21759789
0.20052893
0.22348799
0.21177253
0.24053542
0.19861066
0.21147534
0.20977196
0.20480566
0.21389726
0.20708740
0.20363136
0.22651686
0.22112963
0.20310026
0.21486661
0.21361181
0.21115597
0.20096116
0.21163243
0.21142770
0.21050799
0.22936216
0.21081331
0.21197957
0.21093404
0.20090941
0.19925790
0.20900945
0.21458687
0.19098943
0.20681587
0.22073756
0.20678571
0.22105208
0.21047291
0.20565426
0.21137731
0.21330416
0.19821839
0.20351608
0.20271388
0.20703684
0.19984457
0.20483248
0.19830418
0.20204026
0.19812535
0.19820005
0.20080802
0.19610777
0.20591277
0.20025027
0.19792894
0.21382700
0.19429940
0.20966789
0.20422848
0.20802197
0.19768295
0.21077809
0.20117241
0.19784737
0.19197734
0.21196166
0.21364047
0.19486322
0.21003599
0.20096773
0.20072472
0.19482693
0.19510698
0.20590845
0.21066685
0.19552776
0.19251131
0.20698962
0.20797431
0.20583731
0.20105743
0.19252723
0.19359316
0.19073939
0.20038117
0.20131367
0.21668723
0.19641362
0.19000241
0.20688328
0.18299536
0.20061812
0.19470485
0.19170929
0.20965411
0.18998082
0.18884180
0.20042831
0.19801192
0.19464594
0.19467568
0.21614304
0.19578961
0.19122940
0.19864574
0.20598884
0.20880541
0.20458558
0.22178952
0.20537189
0.19888115
0.20750931
0.18700288
0.18785639
0.20634441
0.19746849
0.20026183
0.20876867
0.20644146
0.19239438
0.20016682
0.20757084
0.19302705
0.19777262
0.20269509
0.19893616
0.18676926
0.19676355
0.19197674
0.18971001
0.18334451
0.18426651
0.18759128
0.19165376
0.19723755
0.20005876
0.18116641
0.19200175
0.17990716
0.18978189
0.19711974
0.19837625
0.19097623
0.18482067
0.19589785
0.19338378
0.20138612
0.18654710
0.18886438
0.19079155
0.19716056
0.18892863
0.18714926
0.18155214
0.18770677
0.18781930
0.18084779
0.18611750
0.18162224
0.19173554
0.17493947
0.19159451
0.18743077
0.18194656
0.17208305
0.18068092
0.18736111
0.18750495
0.19637218
0.18732683
0.18301994
0.17624226
0.17512497
0.18517685
0.18064213
0.18371138
0.17696641
0.17230098
0.19305806
0.18171643
0.18915823
0.18360096
0.16835211
0.19160286
0.17960069
0.19336712
0.17901628
0.17240871
0.18101141
0.17461388
0.17472705
0.18155228
0.17807007
0.17857179
0.17796655
0.17728460
0.18966842
0.17849065
0.18326066
0.17726158
0.17723799
0.17513356
0.19025066
0.18238494
0.17976315
0.17489418
0.18020952
0.17343855
0.19197509
0.17741705
0.19247597
0.17860050
0.17138895
0.17233837
0.17910254
0.18972625
0.18074022
0.17213340
0.18757477
0.18060577
0.18788390
0.18083975
0.16603902
0.18996985
0.17549497
0.17857715
0.18259725
0.17401046
0.18398765
0.17896499
0.16852130
0.17337322
0.16747089
0.16187991
0.17392802
0.18437481
0.17038661
0.17227006
0.18910056
0.16662526
0.16222225
0.16703628
0.18104629
0.17725945
0.17999968
0.16596718
0.16980356
0.17825289
0.16060446
0.17373914
0.17420781
0.16950849
0.16840050
0.18714684
0.17035185
0.17149466
0.17364359
0.17186525
0.18745968
0.17769027
0.17184293
0.17636211
0.17841788
0.16057616
0.15816741
0.17857538
0.17056268
0.17308812
0.17794679
0.16394141
0.17936781
0.16531613
0.16727388
0.17067817
0.17540514
0.16218570
0.17087504
0.16678295
0.17001033
0.16203894
0.16893625
0.16145536
0.17300740
0.16618073
0.16522403
0.16926178
0.15850957
0.15714142
0.16605183
0.17736343
0.16402990
0.16256796
0.17232606
0.15786360
0.16462964
0.16710621
0.15920189
0.15320726
0.14714795
0.16305390
0.16284563
0.15953796
0.17158066
0.15397877
0.16517688
0.14814232
0.16191190
0.15619871
0.15925738
0.16322021
0.16322614
0.16932575
0.14977221
0.16447149
0.16834521
0.16021985
0.18211444
0.16033982
0.16615261
0.15696082
0.16305551
0.17213726
0.16724870
0.15823376
0.15845571
0.17542963
0.17058378
0.16388853
0.16102894
0.15781733
0.15255335
0.16761516
0.16162837
0.16687918
0.15865761
0.16526064
0.16184893
0.15983038
0.15915249
0.16370974
0.17363602
0.16550896
0.16449149
0.16370957
0.15585381
0.15708080
0.15748690
0.15900467
0.16309974
0.16291156
0.15655734
0.15699324
0.15236381
0.15127978
0.16176583
0.16622803
0.15821409
0.16058554
0.15120061
0.15379013
0.15144189
0.16725752
0.15051466
0.16218767
0.16751836
0.16307138
0.15704264
0.15718444
0.15600827
0.16080369
0.15562415
0.16844814
0.17159502
0.16628544
0.15096736
0.16079500
0.15875399
0.16089576
0.16721450
0.15813950
0.17063227
0.16060373
0.14587858
0.15898114
0.14433131
0.14859162
0.15697107
0.15982747
0.14414117
0.15643328
0.15716869
0.14062808
0.15698901
0.14624932
0.14954630
0.16472980
0.14598936
0.16548289
0.15381140
0.15875563
0.15384147
0.14736868
0.16328517
0.14840922
0.14731242
0.14818357
0.14953274
0.15302372
0.14539689
0.15705356
0.15738633
0.17116611
0.15426108
0.15642303
0.15765858
0.15384692
0.15844801
0.15810448
0.14198560
0.15988201
0.16257623
0.15179220
0.16066259
0.15845305
0.15527129
0.16961333
0.15278499
0.15841053
0.15634637
0.15961464
0.14509094
0.15931959
0.15057744
0.15079091
0.14469214
0.14882615
0.14555582
0.16944142
0.14774205
0.14711034
0.15028429
0.14322178
0.15406559
0.14907923
0.15508898
0.14908451
0.14961259
0.15716168
0.14595264
0.13693798
0.14962791
0.14803772
0.15397976
0.16015577
0.14785722
0.14631222
0.14855380
0.15446192
0.14765033
0.15453832
0.14089467
0.14641587
0.14588705
0.14601175
0.15400386
0.15649909
0.13930464
0.16124922
0.13865738
0.14661796
0.15211433
0.14352942
0.14958532
0.13475771
0.14311261
0.15107599
0.14352006
0.15510339
0.16196793
0.13802019
0.14453870
0.14210162
0.14115851
0.14176127
0.14801922
0.14299645
0.14870976
0.13539547
0.13955060
0.14477403
0.14673682
0.13730027
0.14201772
0.13552964
0.14120270
0.13111304
0.15222526
0.13821924
0.14252490
0.15070154
0.14182562
0.13932076
0.13999572
0.14802566
0.14857352
0.14350291
0.14555335
0.14111376
0.14042731
0.14596632
0.14282787
0.15011166
0.14729264
0.13666221
0.14409433
0.14644445
0.15014483
0.13714500
0.13377947
0.13075288
0.13755471
0.13975489
0.14042087
0.13404176
0.14863202
0.13471438
0.13645366
0.13741273
0.14412729
0.13437928
0.13955742
0.14444408
0.13292362
0.13610329
0.13592145
0.14173974
0.15232177
0.13779232
0.13829717
0.14864896
0.13753590
0.14076374
0.13591300
0.13673598
0.14983581
0.14753242
0.14396206
0.14624715
0.13880958
0.13397586
0.14038666
0.13378786
0.13811119
0.13541479
0.14099514
0.12664649
0.14124358
0.13517638
0.14793810
0.14246309
0.14472911
0.14753819
0.14158945
0.13404416
0.13741043
0.12921244
0.14014728
0.13525435
0.13114643
0.13861717
0.14906548
0.12668732
0.13647848
0.13196225
0.12712646
0.13566267
0.14041074
0.13350317
0.13862027
0.12832837
0.13293722
0.14408891
0.12730135
0.13084084
0.12329257
0.13921162
0.13516815
0.12794018
0.14142534
0.13878393
0.14782014
0.13346252
0.12898111
0.15769988
0.12663001
0.13626894
0.13401301
0.13703960
0.13702297
0.13364893
0.14240168
0.13185774
0.13608648
0.12896878
0.13015586
0.13265632
0.14615142
0.13689002
0.12860449
0.13087983
0.13606572
0.13167565
0.14114232
0.13527174
0.13871442
0.13243930
0.14398989
0.14132406
0.13168398
0.13247952
0.13529730
0.13554770
0.13884217
0.12728214
0.13027018
0.13078767
0.14100084
0.12947133
0.13063766
0.13264340
0.13628672
0.13028744
0.12896746
0.13012284
0.12161617
0.13534504
0.12766841
0.13793689
0.12903629
0.12654796
0.13557722
0.12835902
0.13841736
0.13494739
0.12219869
0.13361520
0.12207028
0.13285142
0.13628286
0.13376935
0.12388427
0.12644798
0.13180013
0.12430358
0.13297130
0.12937486
0.12372649
0.12134171
0.12755133
0.13036455
0.12574968
0.13488314
0.13188261
0.12291521
0.12425663
0.12457983
0.12682706
0.13982205
0.13020849
0.13315526
0.11766483
0.12470951
0.13643083
0.12047169
0.13644743
0.12899815
0.12732357
0.14134680
0.12313280
0.12451525
0.13571513
0.13076533
0.13776879
0.12380582
0.13143075
0.12516037
0.12604949
0.11514032
0.12740530
0.12876329
0.12238456
0.13723288
0.12818199
0.13074955
0.12307074
0.11841200
0.14005925
0.13107240
0.12133969
0.12315855
0.12532949
0.11843351
0.13934581
0.11347240
0.12497672
0.12412718
0.12423137
0.12517186
0.13073404
0.12326722
0.12762336
0.12882359
0.11744025
0.12071213
0.13052076
0.12162241
0.11607584
0.12610459
0.11714651
0.12011623
0.11856823
0.12542620
0.12356177
0.11324771
0.13433713
0.11693814
0.12342434
0.13236618
0.13103788
0.12816355
0.12243429
0.12953793
0.11827656
0.11899426
0.12205794
0.12616810
0.12363517
0.12202512
0.13087070
0.12128705
0.12067138
0.12491870
0.11413302
0.12708545
0.12106290
0.12038998
0.12082366
0.12430277
0.12834066
0.11748369
0.12098663
0.12222089
0.12434213
0.12427690
0.12508869
0.12184998
0.12541950
0.12159111
0.12280171
0.12037348
0.12204285
0.12127782
0.12276705
0.12292948
0.11589314
0.12022462
0.13329151
0.13023832
0.13003086
0.12227069
0.12241013
0.12159090
0.13000107
0.13009569
0.11554606
0.11642967
0.11725685
0.13202199
0.11769916
0.12427723
0.11869733
0.12963873
0.11539543
0.12186712
0.12574053
0.12576926
0.11798704
0.11526041
0.12831062
0.12252277
0.11734861
0.12005465
0.12847935
0.11550281
0.11476363
0.12131943
0.11934030
0.12161636
0.12105204
0.12055717
0.11184856
0.12602609
0.12943308
0.11484461
0.11101314
0.12564753
0.12388682
0.11732779
0.12332486
0.12791596
0.11785599
0.12245677
0.11912228
0.10954436
0.12218411
0.11217181
0.11926028
0.12047298
0.12582749
0.11164850
0.11737815
0.12663971
0.12026404
0.11878422
0.11996455
0.10985176
0.12375847
0.12412100
0.11112733
0.12580295
0.11262155
0.12681553
0.11872974
0.12262040
0.11622921
0.12091254
0.11889036
0.11477366
0.10978860
0.11506931
0.11414506
0.11678609
0.12059773
0.10986339
0.10718690
0.11056405
0.12278210
0.11422047
0.12021352
0.11118838
0.11943710
0.11301437
0.12095104
0.11253580
0.12250037
0.12025382
0.10926639
0.11445384
0.12031005
0.10789132
0.11227582
0.11259996
0.11522029
0.11686485
0.11004740
0.11169218
0.12153427
0.12061121
0.11385436
0.11452939
0.10874692
0.11289132
0.11049028
0.12001296
0.10800245
0.11396267
0.11089566
0.10900859
0.12605989
0.10641322
0.12312786
0.11118537
0.11371201
0.12306713
0.11187173
0.12243834
0.12190564
0.10896036
0.12566853
0.11442089
0.11250322
0.11469895
0.11513179
0.10969830
0.11802144
0.11784716
0.11462148
0.12179104
0.12279738
0.12045261
0.11605775
0.11934525
0.10634097
0.11541115
0.12138365
0.12037558
0.11554407
0.11994432
0.10836501
0.11120175
0.12242487
0.11494830
0.11588272
0.11366899
0.11024816
0.11683591
0.12052950
0.10654792
0.11435318
0.10845962
0.11595486
0.10933359
0.10848558
0.11568363
0.11959192
0.12316637
0.11874011
0.12042621
0.10115639
0.11256370
0.11065087
0.11310950
0.12364051
0.11813090
0.11112076
0.11069678
0.11280203
0.11186199
0.11152340
0.11882123
0.10738835
0.12114143
0.11545434
0.10578765
0.11313210
0.10691567
0.12029734
0.11963692
0.10639639
0.11076002
0.12011808
0.11772317
0.11711109
0.11312191
0.11533362
0.12158091
0.11931829
0.11238176
0.11928294
0.10896364
0.10151961
0.11728115
0.10361776
0.11157475
0.10312591
0.10648301
0.11777207
0.10839953
0.10615609
0.11096624
0.10731050
0.10736574
0.10966590
0.10177219
0.10111849
0.09791488
0.11131441
0.11559954
0.11383693
0.10239884
0.10216148
0.11275993
0.09896185
0.10842215
0.09728429
0.10101433
0.11109420
0.10406181
0.10308526
0.10732244
0.10578098
0.09969778
0.10420284
0.10468642
0.11182898
0.11242433
0.11989488
0.09976146
0.10790017
0.10764460
0.10800825
0.10416909
0.10596025
0.11270902
0.11049360
0.10762400
0.11539173
0.10903683
0.10638277
0.10217902
0.10903083
0.11000064
0.10699400
0.10896961
0.09989290
0.11111028
0.10750960
0.11327407
0.09865160
0.11429341
0.10617702
0.11266094
0.11596738
0.10850213
0.10704917
0.09671909
0.10459428
0.10437161
0.10570183
0.10385779
0.11264496
0.10164543
0.10806313
0.10405308
0.10582446
0.10147893
0.11234131
0.10449810
0.10810128
0.10417923
0.09523505
0.10778214
0.09854220
0.10328482
0.10923289
0.11456642
0.09999938
0.10270883
0.10502246
0.10180523
0.10712931
0.09830272
0.10037813
0.10260987
0.10433913
0.10137658
0.11208142
0.10349147
0.10530704
0.09564105
0.09809703
0.11045542
0.10251909
0.10246257
0.10041010
0.09951738
0.11228781
0.10789138
0.11281612
0.10317913
0.10166027
0.09914796
0.09549125
0.10338575
0.10665733
0.10190839
0.09345533
0.10292983
0.09155792
0.10311992
0.10093474
0.10310820
0.10550998
0.09388084
0.10602921
0.10355332
0.09674662
0.09678374
0.10731720
0.10245868
0.11048452
0.09956224
0.10488605
0.09860270
0.09088434
0.10810515
0.09889187
0.09521081
0.09841686
0.10486642
0.10678069
0.09765016
0.10136904
0.10275608
0.11013153
0.10108851
0.09934910
0.09849404
0.11473061
0.09407109
0.09531471
0.10321559
0.10441129
0.09978564
0.10148910
0.10323516
0.10390151
0.09960143
0.10392074
0.11089981
0.10111992
0.11388308
0.09774905
0.10500294
0.10430558
0.10372631
0.10249020
0.10237205
0.10048237
0.09773197
0.10299525
0.09996223
0.10954417
0.10633112
0.10929634
0.10246895
0.10309325
0.10054813
0.10206231
0.09227354
0.10360608
0.09716394
0.09928118
0.10652086
0.09761164
0.10633913
0.10310654
0.09197500
0.10547479
0.10056597
0.09936315
0.10662398
0.09937702
0.10067184
0.09599183
0.09332710
0.10497046
0.10545826
0.10221706
0.10639027
0.10623939
0.09863621
0.10571586
0.09258235
0.09792443
0.09532960
0.10143487
0.10134156
0.09633587
0.10754762
0.09711298
0.09946122
0.10287710
0.08730751
0.10196322
0.10682892
0.09630510
0.10121234
0.09810074
0.09559844
0.10055137
0.09773057
0.11006726
0.09800049
0.09462860
0.09719926
0.09899543
0.10232875
0.10524483
0.09871748
0.10472152
0.09689120
0.10236432
0.09480087
0.09955662
0.09358619
0.10527368
0.09306847
0.09723258
0.09765080
0.10224615
0.09618501
0.09174418
0.09540325
0.09803851
0.09741626
0.09195440
0.09236316
0.09786436
0.09637032
0.09368623
0.10146968
0.09710246
0.09893491
0.10005839
0.09464098
0.10450263
0.09862489
0.09655223
0.09597071
0.09011675
0.10221685
0.08920088
0.09737612
0.08768264
0.09866634
0.10124414
0.09631149
0.09639432
0.09506315
0.10168824
0.10223280
0.09002905
0.10194117
0.09727771
0.09728551
0.09399896
0.09127381
0.09634107
0.08740245
0.09598449
0.09213634
0.09301487
0.09918982
0.09783368
0.09441285
0.09231646
0.10680212
0.09365515
0.10268775
0.10330850
0.08857296
0.09883994
0.09195390
0.09864695
0.09701555
0.09323397
0.10922559
0.09630705
0.10273524
0.10049230
0.10511491
0.09903899
0.09693038
0.10672966
0.09864470
0.09613180
0.09401807
0.09510858
0.09461415
0.09554910
0.09765530
0.09746248
0.08999207
0.09868057
0.09553832
0.08879789
0.09987856
0.09609061
0.10585965
0.09242669
0.09332857
0.09886011
0.09855001
0.10071738
0.09384338
0.09706241
0.09256145
0.09872413
0.10256038
0.09034155
0.09574494
0.09979015
0.10415810
0.09609285
0.09071679
0.09627666
0.09064350
0.08869007
0.08417816
0.09199277
0.10079604
0.09685792
0.09354138
0.09161618
0.09348202
0.10168779
0.09445564
0.09713066
0.09002836
0.09767671
0.08387293
0.10060689
0.08996624
0.09329762
0.08539855
0.09533884
0.09564853
0.09697218
0.09859976
0.09160687
0.09320800
0.10198433
0.09438543
0.09840944
0.09437895
0.09675835
0.09449250
0.10253665
0.09708300
0.10230739
0.09846233
0.08769273
0.08937513
0.09838467
0.10023113
0.09592018
0.09739482
0.09189883
0.09127893
0.09200431
0.09016941
0.09234668
0.08968434
0.09919906
0.09373862
0.09639116
0.08829787
0.09864612
0.09622148
0.09317187
0.09055871
0.08976315
0.08599901
0.08597271
0.10615291
0.08583859
0.09597430
0.09779914
0.09275730
0.09104989
0.08836871
0.09905224
0.09436899
0.09152632
0.09956214
0.09827150
0.09167798
0.09050927
0.09151694
0.09435295
0.09538022
0.08995556
0.08738212
0.09314521
0.09682861
0.08377876
0.09789208
0.09122126
0.09443462
0.09731644
0.09375931
0.08835194
0.09379818
0.09088676
0.08602151
0.09310533
0.09304652
0.09083090
0.08676056
0.09303365
0.08311585
0.09159039
0.10063781
0.08916806
0.09646749
0.08390626
0.08795358
0.08935872
0.08803277
0.09203434
0.09117655
0.09565651
0.09356717
0.09127134
0.08725080
0.09520367
0.09203497
0.09379685
0.08319962
0.09076335
0.08521148
0.09373105
0.08966371
0.09123618
0.09108026
0.08751015
0.09744430
0.08773950
0.09017470
0.08559270
0.09336562
0.08777383
0.08396530
0.08694710
0.08915959
0.09091870
0.08680347
0.08122988
0.09239411
0.08529794
0.08889522
0.08559356
0.09224641
0.09199966
0.08722536
0.08906042
0.09757801
0.08407308
0.08551764
0.09137830
0.07798190
0.08476017
0.08301476
0.08245043
0.09103024
0.08552255
0.09029067
0.08378817
0.08634473
0.08600135
0.09231874
0.08938101
0.08364742
0.08407277
0.08355808
0.08717323
0.09015433
0.08975591
0.08914225
0.08943428
0.09447819
0.08563478
0.08427773
0.08763424
0.08757652
0.08049230
0.09152991
0.09350920
0.08433193
0.09482418
0.07843794
0.08502378
0.09233423
0.09003174
0.09091113
0.08784121
0.09369370
0.09274113
0.08525851
0.08893590
0.08352949
0.09191527
0.09201989
0.07641067
0.08221862
0.08704200
0.08339169
0.09520312
0.09362987
0.08671749
0.08600207
0.08549188
0.09397581
0.08537060
0.08658898
0.08538334
0.09562486
0.08285039
0.08024283
0.08208577
0.08795568
0.09455737
0.08603016
0.09538604
0.08150397
0.08576151
0.08375968
0.09393758
0.08287518
0.09088998
0.08303998
0.08414860
0.08593386
0.08765253
0.08489284
0.08373109
0.08726081
0.08439990
0.09009462
0.09962471
0.08155803
0.08734994
0.09473270
0.08891584
0.08908446
0.08123466
0.08462310
0.08666120
0.08711433
0.07977037
0.08712833
0.08946379
0.07988483
0.08490911
0.08485968
0.08002941
0.07714416
0.09513114
0.08168163
0.08197696
0.08909963
0.08240521
0.08703649
0.09017815
0.08610940
0.08497420
0.08711075
0.07886814
0.09197278
0.08391295
0.08651124
0.07656913
0.08642180
0.09283321
0.08933498
0.07879175
0.08967103
0.09001178
0.08300571
0.08644505
0.08867966
0.08360606
0.08669563
0.08402286
0.08653462
0.08985604
0.07728314
0.08404706
0.08239643
0.08613252
0.08451275
0.07993619
0.08036920
0.09011699
0.08480932
0.07930466
0.08449659
0.08520598
0.08375837
0.08549687
0.08364050
0.07958107
0.09259209
0.08369999
0.08443519
0.08086722
0.07750863
0.07967363
0.08408599
0.08617225
0.08885048
0.07726546
0.07739573
0.07830870
0.08999743
0.07853734
0.08417904
0.08505356
0.08688429
0.08858401
0.08650672
0.07627232
0.09279191
0.08729237
0.09462909
0.08529912
0.07890219
0.08406698
0.08060402
0.08441807
0.08762096
0.08980536
0.08237515
0.07728545
0.08116840
0.08018249
0.08804354
0.07357118
0.07850215
0.08036396
0.08360549
0.08601403
0.07747065
0.08312365
0.08916575
0.07757813
0.08447687
0.08452751
0.07750110
0.07766812
0.08229046
0.08638312
0.07374949
0.08404202
0.09055148
0.08427715
0.08300206
0.08055446
0.08175521
0.07936212
0.08333650
0.08490270
0.08257671
0.08246720
0.08411747
0.08187552
0.08693333
0.07641412
0.07514086
0.08230938
0.08473067
0.09100937
0.08414014
0.08543158
0.08000301
0.08613621
0.08043438
0.08608434
0.08331941
0.08602681
0.08691628
0.08114728
0.08022095
0.08797233
0.08708202
0.08352982
0.09242763
0.08325513
0.08425996
0.08089442
0.08212180
0.07973029
0.08079666
0.07711123
0.08231042
0.07502371
0.07867937
0.07986750
0.07869198
0.08022647
0.08657871
0.08782072
0.07572970
0.07853961
0.08488970
0.08060426
0.07800468
0.07967161
0.07803423
0.07990522
0.08008946
0.08224306
0.07749653
0.07735255
0.07590384
0.08096544
0.08445738
0.08219872
0.08316447
0.07093284
0.08525351
0.07519877
0.08119033
0.07819514
0.07608245
0.08008236
0.08156434
0.07945648
0.07987459
0.07602420
0.07630815
0.07870845
0.07475942
0.07648548
0.08098583
0.07388890
0.08402933
0.07594721
0.07408793
0.07650184
0.07732210
0.07759888
0.07598774
0.07894531
0.08527510
0.08150928
0.07914380
0.08027883
0.07766587
0.08203346
0.07678300
0.08001259
0.07863583
0.07561091
0.08338985
0.07492720
0.07363237
0.07406662
0.08080089
0.07468847
0.08092563
0.07856672
0.07555501
0.07824352
0.08385868
0.07978725
0.08030445
0.07586218
0.07922606
0.08408484
0.07620300
0.08273168
0.07480091
0.08196385
0.07658482
0.07521695
0.08673059
0.08264560
0.07997946
0.07883620
0.08005830
0.08223709
0.08023705
0.08405922
0.08625258
0.08387496
0.07219458
0.08282182
0.07848933
0.07879156
0.07566212
0.08094977
0.08460528
0.07638068
0.07415697
0.07675698
0.08154076
0.07048197
0.08708942
0.08232117
0.07659483
0.08486354
0.07671911
0.07199529
0.08288580
0.07918336
0.07729018
0.07760224
0.07919916
0.08264752
0.08102010
0.08668822
0.07697454
0.07599514
0.08157662
0.07623860
0.07821581
0.07698296
0.07811816
0.07183345
0.07858150
0.07958026
0.07349390
0.07597290
0.07724072
0.07952294
0.07451914
0.07837465
0.07908566
0.07319871
0.07836228
0.08927409
0.07493056
0.07943669
0.07545185
0.07838935
0.07389007
0.07338192
0.08449367
0.07438792
0.07093570
0.08400195
0.08454421
0.07746768
0.07028113
0.08060837
0.07428033
0.07711676
0.07771817
0.07545299
0.07425887
0.07512650
0.06863866
0.07576148
0.07817110
0.07077605
0.07891823
0.07710654
0.07317615
0.07394898
0.07789868
0.07600864
0.08259301
0.07324657
0.07843450
0.07995005
0.07457590
0.06945060
0.07556410
0.07807270
0.06929804
0.07487040
0.07485613
0.07375854
0.07447325
0.07452643
0.07546487
0.07586744
0.07419590
0.07465565
0.07311027
0.08078579
0.08250874
0.07645112
0.07895593
0.07565081
0.07476677
0.08160499
0.07242914
0.07698652
0.08163503
0.07224345
0.07556264
0.08135617
0.07444550
0.07802556
0.07906519
0.08019704
0.07696957
0.06753201
0.07852732
0.07912214
0.07317841
0.07058626
0.07906291
0.07824484
0.07519341
0.07842241
0.08178323
0.08000512
0.07382990
0.08142162
0.07052600
0.08252747
0.08174016
0.07780634
0.07955854
0.07858534
0.07463907
0.08186497
0.07914868
0.07620387
0.07949217
0.07754156
0.07941324
0.07975355
0.08602926
0.07729426
0.07876776
0.07255500
0.06843476
0.07219647
0.07085291
0.07095473
0.07393763
0.07030115
0.07012354
0.07149658
0.07208031
0.06897286
0.07499656
0.07136807
0.07985096
0.06735574
0.07815790
0.07029353
0.07147698
0.07741819
0.07431652
0.07215491
0.08025639
0.07710752
0.07405339
0.07848390
0.07681008
0.06689698
0.07298350
0.08723528
0.07116854
0.07506910
0.07450353
0.07707906
0.07451314
0.07260489
0.07395629
0.07256588
0.07513773
0.07137914
0.07047680
0.08287217
0.07395694
0.07758252
0.06948224
0.07795127
0.07023167
0.07803743
0.06774604
0.07380380
0.06671465
0.06606546
0.08066884
0.07037963
0.07710215
0.07323539
0.07276393
0.07235520
0.07479937
0.07102420
0.07833610
0.07560261
0.07269377
0.08305788
0.07335681
0.06811288
0.07599801
0.08250354
0.07163577
0.07550004
0.06886022
0.07597028
0.07718836
0.07306699
0.07999059
0.07104460
0.06789544
0.07497913
0.07546099
0.07073398
0.07325494
0.07562305
0.07212362
0.07984455
0.07164615
0.08482004
0.07378982
0.07764748
0.08182938
0.08122745
0.07289239
0.07865819
0.07372230
0.06825549
0.07872710
0.06832302
0.08431719
0.07531419
0.06889123
0.07325473
0.07403872
0.07388384
0.06971304
0.07254440
0.07286385
0.07419860
0.06715500
0.06978608
0.07262242
0.06915933
0.07394276
0.07487732
0.06460060
0.06687046
0.07364663
0.07485295
0.07307176
0.07215007
0.07056613
0.06848419
0.07160637
0.07098512
0.07229844
0.06952840
0.06948909
0.08361513
0.07850850
0.07368103
0.07360447
0.07331523
0.06812523
0.07714920
0.07528599
0.07288408
0.07352307
0.06947583
0.07751046
0.07487422
0.07364625
0.06899510
0.07548340
0.07288562
0.07319098
0.07756444
0.06971346
0.07733090
0.06755352
0.07506540
0.07355499
0.07722244
0.07237281
0.07223408
0.07342587
0.07466910
0.07582293
0.06846595
0.06738554
0.07950231
0.07548583
0.07150601
0.07065706
0.06833833
0.07356799
0.06786459
0.07206138
0.07199907
0.06791356
0.06929128
0.07127585
0.07028724
0.06867434
0.06693774
0.06984372
0.07105286
0.07659291
0.07170370
0.06762117
0.06957994
0.06507049
0.07050870
0.07370017
0.07466195
0.07144891
0.06786384
0.07074410
0.07179101
0.06839820
0.06666403
0.06817596
0.06876533
0.07629719
0.07208697
0.06701048
0.07174188
0.07126988
0.06764691
0.06861442
0.06415296
0.07415242
0.07183051
0.07012028
0.07188149
0.06579992
0.06567223
0.07090618
0.07063939
0.07134843
0.06983840
0.06750534
0.06936456
0.06711827
0.06767962
0.07350060
0.06841518
0.06971101
0.06497321
0.06604312
0.06700866
0.06518245
0.07140951
0.07219420
0.07231760
0.07209201
0.06741241
0.07422534
0.07456604
0.07151357
0.07360703
0.07545652
0.07045741
0.07214822
0.06662092
0.07634819
0.06992991
0.06913880
0.07175270
0.06429885
0.06707548
0.07103853
0.06199939
0.07012753
0.06812000
0.07058665
0.07224652
0.06982528
0.06914254
0.06245938
0.07071055
0.07557035
0.06386068
0.07579835
0.07163754
0.07154247
0.07198592
0.06901647
0.07003084
0.06499109
0.06544054
0.06752253
0.07022709
0.07176270
0.06757322
0.07173337
0.06921259
0.07015108
0.07003549
0.06652059
0.06855731
0.06800225
0.06110106
0.06774607
0.06580763
0.07170802
0.06736916
0.06814859
0.06682012
0.06503582
0.06880133
0.06436780
0.06431387
0.06944923
0.07282402
0.06045301
0.06364312
0.06464326
0.07573129
0.07073404
0.07142250
0.06163966
0.06422783
0.06122613
0.06504101
0.06527618
0.06197522
0.06866378
0.06835062
0.06828381
0.06996807
0.06596323
0.06469716
0.06316544
0.07102662
0.06115187
0.06689474
0.06261021
0.06529872
0.06909402
0.07129584
0.06021653
0.06742126
0.06021674
0.06748367
0.06362332
0.06688401
0.06853423
0.06279529
0.06265976
0.06732474
0.06347929
0.06501511
0.06139239
0.07157260
0.06571484
0.06112310
0.06840692
0.07172189
0.06214126
0.07337393
0.07131599
0.06772660
0.06748594
0.07181218
0.07301579
0.07090025
0.06353413
0.06573690
0.05833764
0.07039753
0.06746955
0.06809643
0.06818812
0.06635821
0.06691033
0.06499463
0.06870289
0.06407773
0.07157274
0.06464486
0.06874274
0.06614269
0.06745234
0.07001440
0.06410292
0.07150624
0.06882205
0.06773388
0.07119290
0.06853197
0.06543516
0.07079199
0.07267360
0.06734250
0.06986602
0.06696336
0.07013462
0.06777199
0.07238369
0.06964409
0.07074834
0.07120132
0.06318361
0.07001187
0.06811409
0.06848110
0.07063133
0.06383947
0.07207519
0.06661049
0.06781404
0.07377855
0.07233115
0.06875193
0.06828879
0.06803250
0.06682862
0.07148100
0.06621839
0.06704877
0.06498286
0.06715508
0.06609364
0.06768577
0.06060182
0.06320994
0.06969158
0.06870233
0.07100632
0.06189128
0.06825222
0.06627391
0.06439557
0.06261519
0.06857954
0.06297264
0.06136290
0.06180761
0.06871363
0.07103886
0.06406315
0.06453675
0.06722447
0.05959935
0.06770059
0.07234006
0.06543298
0.05614412
0.07559688
0.06654259
0.07210105
0.06871087
0.06428224
0.06887405
0.06816766
0.06301437
0.06476537
0.06180870
0.06927115
0.06208743
0.06563762
0.06179251
0.06529295
0.06823383
0.06482004
0.06561614
0.06709281
0.06376331
0.06534448
0.06178416
0.06390841
0.06471182
0.06356286
0.07162459
0.06438005
0.06183609
0.06232636
0.06896682
0.06130429
0.06334902
0.06443746
0.06124561
0.07096142
0.06291398
0.06170399
0.06788987
0.06354702
0.06328146
0.06226814
0.07144362
0.06071678
0.06532414
0.06590829
0.06641068
0.06694820
0.05799475
0.06320566
0.06323724
0.06485858
0.06498164
0.06234102
0.07100964
0.06106732
0.06649317
0.06387815
0.06593671
0.06545293
0.05989315
0.06440590
0.06015045
0.06334133
0.05914592
0.06432714
0.06315510
0.05808118
0.06137156
0.06789134
0.06063864
0.06908672
0.06518576
0.06391446
0.06228414
0.06772874
0.06228211
0.05860676
0.07003602
0.06623276
0.06291740
0.06080763
0.06243307
0.05617020
0.06571501
0.06492847
0.06377114
0.06466892
0.06150445
0.06783237
0.06015261
0.06280123
0.06379222
0.06289710
0.06372297
0.06328308
0.06261113
0.06195041
0.06391734
0.06371762
0.05716531
0.06061258
0.05610933
0.06069069
0.06648120
0.06069241
0.06439418
0.06187015
0.07015690
0.06092378
0.06528356
0.05823820
0.06181794
0.06088454
0.05954559
0.06327265
0.06537418
0.06400353
0.06185327
0.06632043
0.06735960
0.06065922
0.06452663
0.06157998
0.06117363
0.07061233
0.06670021
0.06269524
0.06495240
0.06743773
0.06227145
0.06272674
0.06663193
0.06121105
0.06374165
0.06340481
0.06283091
0.06456928
0.05984350
0.06540559
0.06948744
0.06463146
0.06586453
0.06557070
0.06529090
0.06513973
0.06295247
0.06459212
0.06307183
0.06514370
0.05958828
0.05902965
0.06248248
0.06446564
0.05887153
0.05941648
0.06732523
0.06085317
0.06368649
0.06078787
0.06382690
0.06256803
0.06170892
0.06160231
0.06399504
0.06298990
0.05842295
0.06306265
0.06182995
0.06386322
0.05880063
0.06086775
0.05798552
0.06054983
0.06478991
0.06164276
0.05963547
0.05934900
0.05986172
0.05738205
0.05728879
0.05594987
0.05673401
0.06114472
0.05504880
0.06037021
0.06467610
0.05944472
0.05984491
0.05818941
0.06313100
0.05301115
0.06254947
0.06259470
0.06243177
0.06010821
0.06417800
0.06107581
0.06099505
0.06311129
0.06055519
0.05880814
0.06161587
0.05924515
0.05698938
0.05602872
0.06083895
0.06691273
0.06196330
0.06436867
0.05717392
0.05553888
0.05960220
0.06283703
0.05980492
0.05862235
0.05826886
0.05735778
0.06125776
0.06510157
0.06816551
0.06332158
0.06040069
0.06261868
0.06456202
0.05839008
0.05723891
0.05987618
0.05696248
0.05887289
0.05719237
0.06116964
0.05745767
0.06325096
0.06417830
0.05809796
0.06395490
0.06056956
0.05766211
0.05481750
0.06149221
0.06350508
0.05863307
0.06347542
0.05985957
0.06054589
0.06579130
0.06018440
0.06453259
0.06276283
0.05975721
0.06290095
0.06505720
0.06571327
0.06369747
0.06050114
0.07025757
0.06287088
0.06121097
0.05988546
0.06621049
0.06828811
0.06147610
0.06695241
0.05865484
0.06012871
0.05650544
0.06620853
0.06217426
0.06538241
0.05475898
0.06063198
0.05642882
0.06512272
0.06654543
0.05849697
0.05397297
0.05843610
0.05982058
0.06559795
0.05848020
0.06108846
0.06096379
0.06135755
0.05839180
0.05818605
0.05545990
0.06555093
0.05672044
0.05721578
0.05811508
0.06410018
0.05612158
0.06402744
0.06566849
0.06372922
0.06458162
0.05978190
0.06334415
0.06034289
0.06798302
0.06853709
0.05537026
0.06108910
0.06469221
0.06324969
0.05835289
0.06475402
0.06180482
0.06249798
0.05879711
0.06122756
0.06481288
0.06446455
0.06235345
0.06526522
0.06780212
0.06455696
0.06150978
0.06548618
0.06194124
0.06354018
0.06477447
0.06593645
0.06322974
0.06518131
0.05930497
0.06207631
0.05488790
0.06814316
0.06454816
0.06182179
0.06396891
0.05882794
0.06652012
0.06117155
0.05372196
0.05760377
0.06583250
0.05799531
0.05282329
0.05429687
0.06635280
0.05782897
0.06093986
0.06198835
0.05861035
0.06131351
0.06549002
0.05956479
0.05800549
0.06064914
0.06450443
0.05456576
0.05434752
0.05524623
0.06009002
0.05882411
0.05964370
0.05168999
0.05482594
0.05374739
0.05422050
0.05722025
0.05892266
0.06258560
0.05711535
0.05863452
0.05498226
0.05837053
0.05878618
0.05924214
0.05801975
0.05904912
0.05749569
0.05268193
0.05629155
0.05779918
0.05796150
0.05035189
0.06087452
0.05808770
0.05732115
0.05957722
0.05704999
0.05298245
0.05864766
0.05730720
0.05455105
0.05430860
0.05560564
0.05149288
0.05949895
0.05492628
0.05784580
0.05408844
0.05811688
0.05660965
0.05817783
0.05740313
0.05757403
0.06512261
0.05357508
0.05801881
0.06143133
0.05888065
0.05786379
0.05759121
0.05661330
0.05579942
0.05858396
0.05336728
0.06103694
0.05465458
0.06025028
0.05609346
0.05329241
0.05767677
0.05353834
0.05795698
0.05687980
0.05502659
0.05657715
0.05650474
0.05977250
0.05578186
0.05917017
0.05685157
0.06036865
0.05813637
0.05438292
0.05922947
0.05884354
0.05494547
0.05747224
0.05850424
0.05636512
0.05954923
0.05304267
0.05844702
0.06114500
0.06171262
0.05887489
0.05970617
0.05508178
0.05349139
0.06242514
0.05578756
0.05777597
0.06130555
0.05080741
0.05228532
0.05182423
0.06008189
0.05804087
0.05178282
0.05350515
0.05978558
0.05326312
0.05780240
0.05232220
0.05448469
0.06167694
0.05721573
0.05273336
0.05420443
0.05797622
0.05559339
0.05156710
0.05733478
0.06035102
0.05451689
0.05309355
0.05493854
0.05880845
0.05449612
0.05514763
0.05573983
0.05755877
0.05151624
0.05460252
0.05587553
0.05564622
0.05318070
0.05496083
0.05621498
0.05373417
0.05620065
0.06285024
0.05365942
0.05873186
0.05888705
0.05493362
0.06098767
0.05855903
0.05726580
0.06133267
0.05394960
0.05777863
0.05603863
0.05241768
0.05575301
0.05675231
0.05545995
0.05590272
0.06172464
0.05900686
0.05459620
0.05287550
0.05687086
0.05671303
0.05173086
0.05931953
0.05797964
0.05428751
0.04896827
0.05202978
0.05196216
0.04979919
0.05673117
0.05577247
0.05310375
0.05666694
0.05826491
0.05592683
0.05021055
0.05133700
0.05401819
0.05329782
0.05685263
0.04994811
0.05638532
0.04893878
0.05557241
0.05338030
0.05325592
0.04768310
0.05496599
0.05182815
0.05403101
0.05163831
0.05385173
0.05456134
0.05303372
0.05776959
0.05299273
0.05070937
0.05347610
0.05330808
0.05076663
0.05366409
0.05379667
0.05335351
0.04809622
0.05587286
0.05486156
0.05374903
0.05287170
0.05393559
0.05268243
0.05186108
0.05415111
0.05170020
0.05556159
0.05113437
0.04891893
0.05328633
0.05190858
0.04811170
0.06039444
0.05052496
0.05366619
0.05460490
0.05728213
0.05576199
0.05287069
0.05734367
0.05129194
0.05422418
0.05739792
0.05586955
0.05960145
0.05148847
0.04946763
0.05250412
0.05355606
0.05030744
0.06258097
0.05338038
0.05172752
0.05296928
0.05216947
0.05633301
0.05602638
0.05725161
0.05406318
0.05397588
0.05650689
0.04808319
0.05171957
0.05575946
0.05422626
0.05675699
0.05151401
0.05383478
0.05883177
0.05419611
0.05476648
0.05071552
0.05531435
0.05300595
0.05525709
0.05243942
0.05278397
0.05066403
0.05595647
0.05068257
0.05049470
0.05344203
0.04853725
0.05455269
0.05059541
0.05331240
0.05793670
0.05526750
0.05113654
0.05228242
0.05234882
0.05228877
0.05567817
0.05329226
0.04896478
0.05588045
0.04934695
0.04926658
0.05603901
0.05589041
0.05124418
0.04900366
0.05494018
0.04921510
0.05103689
0.05614604
0.04810635
0.05879965
0.05108409
0.05515551
0.05579599
0.05658282
0.05789933
0.04831822
0.05318578
0.05889248
0.05113561
0.05274766
0.05443311
0.05251629
0.05519760
0.05133624
0.05540152
0.05150291
0.05685700
0.05543227
0.05449665
0.05009076
0.05164256
0.05722770
0.05382845
0.05143609
0.05053712
0.05146874
0.05290371
0.05070393
0.05224971
0.05438362
0.05467725
0.05086558
0.05256753
0.05214277
0.05157438
0.05431144
0.05380230
0.05081560
0.05460928
0.05334257
0.04994003
0.05287540
0.04944605
0.05071288
0.05650429
0.05474623
0.04899307
0.05093880
0.05387371
0.04860540
0.05493250
0.04915327
0.04731350
0.05154030
0.05023677
0.04980342
0.04928142
0.04950375
0.05758777
0.05024643
0.05078666
0.05284778
0.05218509
0.04938913
0.05351100
0.05153426
0.04886489
0.05171426
0.04683957
0.05122612
0.05416058
0.05197923
0.05213676
0.04899124
0.05017848
0.05070332
0.04889989
0.04933401
0.05214901
0.05327542
0.05619251
0.05309701
0.05350518
0.05338692
0.05066318
0.05439706
0.05036138
0.04828236
0.04461994
0.04949346
0.05325717
0.05238612
0.04500074
0.05462683
0.04826521
0.05749120
0.04643462
0.04801249
0.04868716
0.05102447
0.04869582
0.05160996
0.05900059
0.05408884
0.05305968
0.04778395
0.04956075
0.05296398
0.04658750
0.05217022
0.04758358
0.04912398
0.05250863
0.05308881
0.05106656
0.05071238
0.05646335
0.04951712
0.05257211
0.05507186
0.05111060
0.05588214
0.04729045
0.05194268
0.04976436
0.04861374
0.06354742
0.05098110
0.05328080
0.05374347
0.05628034
0.04810967
0.05401761
0.05102127
0.04708797
0.05305100
0.04879699
0.05266578
0.05227759
0.04919823
0.05027365
0.05243780
0.04866354
0.06195776
0.05135351
0.05144302
0.05123762
0.05467675
0.04553403
0.05375995
0.05146509
0.05103385
0.05894032
0.05358340
0.05139858
0.05558378
0.05160748
0.05256279
0.05634376
0.04825705
0.05530603
0.05532117
0.05609871
0.05253915
0.05625089
0.05692451
0.05179925
0.05277861
0.05217099
0.04796144
0.05400217
0.04727856
0.04732209
0.05268317
0.05437107
0.05217480
0.04795387
0.05049809
0.04801989
0.04720713
0.05461592
0.05305496
0.04676117
0.04990430
0.05475003
0.05082576
0.04975802
0.04969220
0.05162770
0.04483980
0.04974929
0.05366164
0.04594964
0.06014150
0.04912713
0.04935391
0.04956014
0.05000044
0.04890122
0.04870383
0.04456907
0.04949207
0.04929198
0.04845793
0.04645694
0.05072757
0.04621265
0.04759809
0.04616155
0.04743297
0.05186071
0.04999790
0.05143069
0.04740370
0.05131996
0.05199614
0.04578400
0.04520663
0.05256011
0.04911017
0.05048358
0.05183046
0.05100573
0.04966510
0.05185734
0.04921982
0.05370658
0.05472181
0.05363425
0.05079164
0.04873533
0.04825845
0.04851918
0.04585563
0.05687282
0.05561951
0.05174822
0.05173585
0.04918756
0.04959275
0.05512438
0.05157407
0.05049562
0.05007945
0.05170900
0.04500736
0.05297361
0.05110481
0.04680216
0.04861518
0.05161027
0.04768351
0.05087757
0.04776832
0.05022433
0.04824131
0.04802048
0.04528913
0.04876966
0.04912331
0.04814137
0.04814014
0.04646039
0.05261239
0.04443087
0.04941282
0.05343606
0.04893187
0.04789774
0.04835094
0.05125920
0.04753564
0.04654779
0.05237409
0.05548125
0.04773796
0.04763595
0.04425111
0.04882651
0.05588844
0.04769380
0.05425245
0.04754344
0.04610975
0.04811862
0.05186449
0.04978880
0.04955024
0.05176904
0.05060435
0.04681985
0.05806742
0.04857170
0.04787823
0.04864297
0.04414546
0.05518834
0.05046685
0.04987651
0.05048620
0.05181789
0.05156828
0.04402966
0.05411758
0.04936358
0.04711085
0.04975517
0.04508343
0.04692393
0.05642239
0.04657509
0.05007387
0.04885715
0.04571138
0.05237325
0.04960081
0.04750449
0.04861623
0.04489856
0.04966958
0.04545593
0.04885140
0.05241111
0.04679392
0.04738487
0.04530197
0.04969903
0.04702313
0.05088865
0.04918896
0.04598942
0.04698035
0.04749570
0.04895170
0.04936133
0.04467893
0.04609684
0.04655583
0.04504815
0.04683343
0.04737730
0.04812701
0.04942509
0.05410548
0.04498064
0.04431249
0.04559980
0.04489137
0.05183582
0.04685214
0.04566962
0.05455613
0.04522789
0.04591246
0.04823500
0.04825731
0.04846961
0.04591095
0.04645388
0.04604559
0.04546330
0.04508998
0.04716356
0.04425545
0.04494012
0.03887223
0.05229839
0.04550290
0.04968975
0.04507468
0.04717526
0.04521322
0.04567147
0.05272765
0.04318025
0.04962515
0.04398245
0.04642802
0.04664152
0.04525266
0.05064819
0.05091252
0.04769187
0.04747054
0.04627486
0.04873300
0.04528565
0.04962998
0.04832289
0.05109071
0.04456478
0.04980244
0.05208887
0.04962034
0.04453706
0.05453431
0.05180288
0.04978394
0.04596556
0.05024440
0.04622536
0.04384865
0.04776996
0.04719241
0.05914306
0.04609971
0.04960272
0.05037531
0.05083778
0.05398298
0.04774538
0.05231975
0.05116963
0.04706257
0.04365411
0.05094156
0.04734865
0.04359261
0.04762491
0.04772982
0.04592039
0.04788502
0.04648178
0.04753265
0.04325381
0.04588412
0.05033247
0.05052021
0.04726895
0.04822959
0.04908771
0.04786427
0.04453361
0.04709122
0.04847172
0.05015528
0.05054253
0.04819379
0.05139871
0.04597828
0.04944088
0.04809024
0.04715572
0.04891533
0.04678386
0.04693703
0.04242180
0.05017046
0.05021016
0.04769107
0.04510091
0.04831604
0.04406447
0.04884074
0.04490665
0.04519501
0.04568385
0.04703164
0.04593789
0.04826623
0.04858937
0.04189087
0.04828219
0.04995879
0.04489607
0.04971328
0.04331768
0.04235071
0.04810901
0.04744966
0.04985303
0.04721061
0.04551542
0.04471313
0.05404836
0.04747340
0.05065529
0.04980621
0.04873716
0.04730203
0.04955213
0.04985736
0.05089767
0.04630075
0.04709920
0.04515407
0.05122090
0.04742782
0.05232552
0.04374022
0.04724944
0.05334879
0.04492119
0.04438675
0.04924358
0.04938863
0.05282465
0.04818269
0.04986625
0.04743546
0.04354907
0.04820457
0.04854590
0.04572518
0.04882135
0.04413638
0.04951518
0.04812825
0.04399055
0.04569753
0.04426292
0.05147881
0.04753669
0.04425050
0.05211643
0.04236144
0.04599041
0.04550972
0.04264832
0.04652239
0.04926908
0.04237567
0.04844616
0.04267908
0.04681639
0.05249949
0.04659703
0.04537519
0.05001385
0.04962267
0.04408621
0.04813319
0.04223046
0.04828281
0.05733079
0.04368498
0.04669555
0.04586343
0.04453800
0.04835698
0.04627568
0.04511243
0.04706236
0.04655767
0.04645593
0.04599046
0.04309938
0.04510313
0.04687013
0.04702217
0.04894890
0.04864854
0.04591462
0.04966522
0.04858856
0.04669091
0.04431009
0.04514017
0.04832619
0.04987862
0.04453718
0.04370274
0.05111232
0.04472185
0.04196800
0.04793886
0.04779686
0.05059515
0.04561487
0.04845604
0.04794651
0.04803003
0.04384409
0.05154205
0.05340153
0.04783896
0.04830509
0.04797477
0.04446578
0.05111232
0.04833018
0.04375067
0.04524631
0.04779247
0.04607971
0.04346235
0.04950314
0.04290061
0.04369461
0.04280045
0.03919686
0.04810124
0.04400462
0.04747979
0.04558091
0.05075329
0.04676832
0.04249520
0.04456329
0.04545456
0.04891806
0.04498237
0.04411482
0.04887202
0.04573460
0.05273920
0.04563154
0.04524452
0.04313284
0.04702188
0.04833417
0.04477410
0.04107933
0.05121454
0.04568216
0.04446110
0.05181352
0.04265221
0.04462250
0.04646958
0.04835036
0.04728032
0.04615817
0.04658317
0.04604595
0.04603644
0.04461467
0.04121107
0.04934877
0.04543770
0.04406188
0.04744938
0.04654867
0.04690401
0.04271159
0.05104061
0.04366777
0.04264790
0.04317594
0.04759528
0.04964329
0.04282236
0.04330447
0.04772297
0.04548894
0.04579390
0.04945011
0.04410222
0.04506286
0.04000466
0.04816860
0.04596411
0.04391421
0.04435447
0.04215605
0.04739056
0.04554345
0.04485307
0.04038855
0.04472610
0.04765687
0.04546012
0.05056697
0.04181048
0.04647062
0.04580548
0.04682595
0.04772584
0.04854073
0.04380959
0.04899291
0.04526704
0.04654131
0.03977168
0.04932244
0.05067831
0.04668966
0.04575022
0.04525266
0.04361736
0.04657848
0.04546124
0.04357155
0.04967336
0.04280184
0.04244391
0.04334645
0.04626089
0.04712358
0.04243518
0.04626705
0.04713550
0.04173487
0.03975074
0.04425713
0.04560831
0.04399305
0.04335267
0.04312771
0.04128859
0.04309316
0.04280141
0.04550083
0.04509814
0.04317906
0.04338110
0.04420053
0.03768465
0.04417000
0.04316027
0.04321812
0.04546830
0.04008737
0.04369846
0.04190167
0.04496065
0.04066755
0.04211700
0.04324687
0.04133575
0.04339178
0.04138403
0.04261275
0.04433750
0.04051065
0.03836892
0.04406909
0.04296909
0.04074925
0.04253380
0.04410211
0.04942162
0.04158439
0.04448438
0.04774658
0.04407927
0.04914118
0.04410364
0.04199184
0.04349191
0.04340076
0.05010284
0.04284630
0.04634402
0.04472936
0.04672122
0.04622147
0.04578824
0.04414460
0.04230928
0.04949676
0.04234035
0.04210590
0.05173803
0.04694966
0.04125001
0.04676290
0.04261719
0.04454377
0.04567173
0.04672620
0.04828997
0.04310672
0.04447524
0.04326173
0.04458460
0.04304067
0.04559871
0.04821961
0.04385982
0.04551113
0.04719117
0.04068353
0.04809129
0.04308811
0.04346849
0.04550976
0.04240050
0.04347988
0.05017119
0.04232390
0.04433263
0.04276889
0.04408374
0.04475955
0.04163582
0.04381460
0.04003742
0.04286579
0.04174946
0.04370991
0.03886751
0.04269307
0.04177426
0.04165661
0.04581608
0.04037685
0.04265720
0.04200178
0.04135939
0.04388946
0.04002266
0.03981607
0.04297614
0.04319028
0.04256419
0.04660939
0.04395838
0.04344401
0.04221105
0.04774210
0.04715558
0.04439157
0.04074799
0.04180026
0.03908051
0.04680535
0.04270986
0.04037184
0.04663884
0.04627027
0.04038815
0.04622767
0.04528988
0.04373437
0.03893578
0.04195854
0.05185315
0.04036954
0.04133625
0.04054492
0.04264386
0.04171388
0.04162738
0.04136864
0.04683723
0.04175436
0.03966851
0.03902185
0.04346019
0.04300179
0.03922394
0.04036105
0.04261305
0.04117892
0.04375292
0.03781235
0.04257026
0.04322222
0.04102140
0.04258625
0.03882325
0.04172522
0.04300141
0.04388574
0.04073268
0.03757010
0.04379176
0.04325336
0.04290241
0.03935384
0.04224722
0.04214342
0.03943362
0.04267192
0.04449068
0.04121282
0.03623931
0.03994729
0.04172545
0.04372531
0.04214931
0.04176659
0.04109050
0.04218345
0.04091705
0.03724524
0.04013456
0.04615159
0.04005869
0.03787685
0.04816404
0.04340753
0.04096007
0.04063015
0.04150261
0.04113469
0.04212200
0.04417266
0.04316206
0.04246490
0.04022237
0.04281131
0.04557643
0.04215644
0.04070648
0.04730657
0.04569376
0.04430202
0.04725405
0.03909945
0.04279660
0.03881176
0.04251673
0.03996022
0.04202217
0.04593544
0.04334564
0.04164903
0.04324192
0.04711907
0.04343835
0.04235604
0.03958056
0.04104514
0.04261591
0.04183109
0.04323497
0.04346550
0.04260483
0.03805547
0.04475947
0.04170449
0.04200134
0.04519311
0.03990621
0.04201306
0.04716241
0.04789329
0.04382515
0.04365814
0.04138632
0.04013118
0.04216196
0.04191240
0.04503983
0.04244488
0.04059603
0.04078256
0.04496972
0.04007910
0.04399125
0.04541834
0.04047874
0.04027863
0.04454467
0.04121267
0.04059733
0.04483859
0.04073922
0.04111056
0.04101506
0.04192369
0.03849879
0.04093862
0.04154846
0.03878167
0.04486986
0.03953539
0.04299414
0.03739958
0.04330941
0.04424043
0.03903721
0.03686949
0.04052616
0.04366376
0.03996398
0.04290845
0.04011821
0.03831609
0.04777994
0.04261998
0.03719072
0.04038303
0.03928859
0.03995030
0.04043467
0.04030151
0.04159220
0.04218341
0.03935370
0.04245567
0.03911730
0.04504957
0.03899350
0.03787025
0.04083952
0.04383688
0.03751727
0.04083662
0.04183829
0.04385738
